0.32685208320618, 	0.31330537796021
0.32072901725769, 	0.31065249443054
0.31740522384644, 	0.3072772026062
0.31646800041199, 	0.34190535545349
0.32294392585754, 	0.31260299682617
0.32400488853455, 	0.30671238899231
0.31893157958984, 	0.31243896484375
0.3190586566925, 	0.31445693969727
0.31824111938477, 	0.30430769920349
0.3207426071167, 	0.31681537628174
0.32163906097412, 	0.32380032539368
0.32878232002258, 	0.31015658378601
0.32386875152588, 	0.31562685966492
0.3154559135437, 	0.31702828407288
0.32544779777527, 	0.31516885757446
0.315749168396, 	0.32005834579468
0.32035708427429, 	0.30555558204651
0.3102171421051, 	0.31499576568604
0.30846047401428, 	0.31633162498474
0.31546092033386, 	0.31866645812988
0.30691933631897, 	0.31722187995911
0.29695630073547, 	0.30535435676575
0.31243133544922, 	0.3085036277771
0.29810214042664, 	0.30571794509888
0.29515218734741, 	0.30553936958313
0.3117778301239, 	0.30854439735413
0.30649662017822, 	0.30374240875244
0.31466937065125, 	0.30784177780151
0.30314469337463, 	0.30774140357971
0.30365991592407, 	0.29416370391846
0.31370663642883, 	0.31132221221924
0.30047369003296, 	0.29345655441284
0.30809020996094, 	0.32578420639038
0.31030821800232, 	0.30262446403503
0.30746030807495, 	0.30449151992798
0.30486464500427, 	0.31154537200928
0.30215430259705, 	0.30016851425171
0.31400394439697, 	0.30850911140442
0.30671787261963, 	0.29886746406555
0.31150364875793, 	0.30110597610474
0.30298542976379, 	0.30984473228455
0.29924440383911, 	0.30000019073486
0.30772638320923, 	0.31344127655029
0.30581212043762, 	0.29898381233215
