1.4826502799988, 	1.2182524204254
1.4688975811005, 	1.1094658374786
1.5843365192413, 	1.2643637657166
1.5156052112579, 	1.0922825336456
1.4834923744202, 	1.1029307842255
1.3961970806122, 	1.0349164009094
1.3912620544434, 	0.41748881340027
1.4641587734222, 	1.1299884319305
1.3867752552032, 	1.0806474685669
1.4045653343201, 	1.0573587417603
1.421968460083, 	1.0603148937225
1.406085729599, 	1.0271687507629
1.4134247303009, 	1.0023200511932
1.3875515460968, 	0.4517662525177
1.4065554141998, 	1.0377130508423
1.3696625232697, 	1.0134897232056
1.4302577972412, 	1.0853996276855
1.559033870697, 	1.1251187324524
1.3702478408813, 	1.1371607780457
1.5687465667725, 	1.1039083003998
1.3984880447388, 	1.1311032772064
1.3815608024597, 	1.1002221107483
1.5837898254395, 	1.0920135974884
1.3555178642273, 	1.0547976493835
1.5395083427429, 	1.1977643966675
1.437774181366, 	1.0438556671143
1.3697535991669, 	1.0717089176178
1.5161032676697, 	1.1588141918182
1.372074842453, 	0.99296975135803
1.3749160766602, 	1.0913350582123
1.4234206676483, 	1.1944453716278
1.7969844341278, 	0.98201656341553
2.0893747806549, 	1.5066530704498
2.0238506793976, 	1.4983458518982
1.9693281650543, 	1.5224306583405
1.9482755661011, 	1.6123201847076
1.9234399795532, 	1.5630202293396
1.9728121757507, 	0.62040781974792
2.019962310791, 	0.60816383361816
2.0386319160461, 	1.5932173728943
1.9620373249054, 	1.6240592002869
2.0764946937561, 	1.5374193191528
2.0800080299377, 	1.540983915329
1.9930193424225, 	1.4948110580444
2.0604691505432, 	1.4627242088318
2.0929129123688, 	1.5158305168152
1.9557700157166, 	1.5763754844666
1.9751605987549, 	1.5198848247528
2.0032691955566, 	1.537141084671
2.0001075267792, 	1.570020198822
1.7939610481262, 	1.5102295875549
2.0101108551025, 	1.5091986656189
2.0926465988159, 	1.5630931854248
2.0092947483063, 	1.5448133945465
2.0806670188904, 	1.5228886604309
1.95392537117, 	1.5715837478638
2.2236602306366, 	1.6081523895264
2.0340645313263, 	1.5434620380402
2.1075422763824, 	0.59403300285339
2.024099111557, 	1.5022246837616
