0.36722183227539, 	0.29786777496338
0.35217142105103, 	0.31346893310547
0.35104727745056, 	0.30778527259827
0.36356282234192, 	0.30603361129761
0.35443234443665, 	0.3048095703125
0.35722517967224, 	0.29643249511719
0.3628089427948, 	0.30981826782227
0.36104488372803, 	0.30267810821533
0.34925532341003, 	0.30063509941101
0.36143255233765, 	0.31163644790649
0.34853506088257, 	0.30432152748108
0.34982013702393, 	0.29806590080261
0.3462119102478, 	0.30037236213684
0.36587238311768, 	0.3120231628418
0.35422515869141, 	0.36308574676514
0.35947918891907, 	0.31179213523865
0.35691905021667, 	0.30463838577271
0.3606915473938, 	0.33034062385559
0.35870599746704, 	0.31447744369507
0.34696388244629, 	0.30534982681274
0.35876512527466, 	0.30277538299561
0.36024212837219, 	0.31433868408203
0.3569540977478, 	0.30528140068054
0.35831475257874, 	0.31080007553101
0.35588455200195, 	0.29648089408875
0.34605503082275, 	0.30663418769836
0.35729646682739, 	0.3138689994812
0.35778117179871, 	0.31538534164429
0.34231972694397, 	0.3182110786438
0.34882688522339, 	0.29786825180054
0.3535852432251, 	0.30638861656189
0.35179162025452, 	0.30106377601624
0.34790825843811, 	0.30290603637695
0.35994410514832, 	0.30645799636841
0.36305451393127, 	0.3013129234314
0.34616041183472, 	0.30709862709045
0.34282803535461, 	0.31863880157471
0.35542702674866, 	0.31467843055725
0.34204912185669, 	0.3134024143219
0.36257290840149, 	0.31408071517944
0.35193157196045, 	0.30787968635559
0.35238814353943, 	0.29571771621704
0.35213398933411, 	0.31100296974182
0.35445427894592, 	0.30613493919373
0.37248945236206, 	0.30864143371582
0.36445927619934, 	0.31930136680603
0.35511183738708, 	0.31481385231018
0.36301898956299, 	0.30923962593079
0.3567156791687, 	0.3257303237915
0.3718273639679, 	0.32403922080994
0.36413931846619, 	0.31259346008301
0.36546683311462, 	0.31037282943726
0.38942289352417, 	0.31755995750427
0.36282682418823, 	0.32026219367981
0.37894916534424, 	0.30569553375244
0.35156798362732, 	0.31284976005554
0.35751986503601, 	0.3123254776001
0.36463046073914, 	0.31654763221741
0.37139296531677, 	0.30687379837036
0.35978627204895, 	0.31568455696106
