6.6836035251617, 	5.0214471817017
6.5469958782196, 	4.8780755996704
6.209939956665, 	4.923357963562
6.5900468826294, 	4.7582833766937
6.6900479793549, 	4.6788859367371
6.5823454856873, 	4.8545417785645
6.4632136821747, 	1.5717673301697
6.6305112838745, 	4.8154358863831
6.5341091156006, 	4.6917006969452
6.7352178096771, 	4.6817948818207
6.1032178401947, 	3.4404268264771
4.8550119400024, 	3.4861509799957
4.9430735111237, 	3.5142571926117
4.8398170471191, 	1.343165397644
4.9047238826752, 	3.4000377655029
4.6437637805939, 	3.4074308872223
5.2288680076599, 	3.7590277194977
5.8443758487701, 	5.5991616249084
5.284646987915, 	3.539648771286
4.8159646987915, 	3.535760641098
4.9893202781677, 	3.3696143627167
4.9434194564819, 	3.6307182312012
4.8840327262878, 	3.5069401264191
4.9064788818359, 	3.4635632038116
4.7955248355865, 	3.5602607727051
4.9543075561523, 	3.5749847888947
4.9182691574097, 	3.4841539859772
4.8227548599243, 	3.5929577350616
4.9221222400665, 	3.4243476390839
4.8572163581848, 	3.3124163150787
4.6156799793243, 	3.6040525436401
5.2191159725189, 	1.7065465450287
5.1164033412933, 	3.6031365394592
4.8706619739532, 	3.60990858078
4.9146575927734, 	3.4509449005127
4.9316966533661, 	3.6606345176697
4.9565470218658, 	3.5629737377167
4.8839094638824, 	1.1127893924713
4.9492681026459, 	1.1501352787018
4.9139201641083, 	3.5343501567841
5.0293369293213, 	3.5005509853363
4.9316804409027, 	3.6223487854004
4.9844858646393, 	3.4350874423981
