1.515750169754, 	2.2072985172272
1.5548014640808, 	2.0025763511658
1.5136363506317, 	2.1851077079773
1.5035645961761, 	2.0747768878937
1.5353364944458, 	1.9814310073853
1.5433831214905, 	2.0850968360901
1.5082561969757, 	1.541298866272
1.5510811805725, 	2.0735175609589
1.5094828605652, 	2.1350593566895
1.4593496322632, 	1.2751495838165
1.2598431110382, 	2.1003184318542
1.5454487800598, 	2.1849873065948
1.5205066204071, 	2.054295539856
1.5145554542542, 	1.8439583778381
1.5478413105011, 	2.1556301116943
1.534824848175, 	2.0860071182251
1.5435259342194, 	1.0655288696289
1.4809169769287, 	2.0950229167938
1.5199394226074, 	2.1170263290405
1.5285460948944, 	2.0900208950043
1.52214884758, 	2.1534955501556
1.4987070560455, 	2.123339176178
1.5183358192444, 	2.1006743907928
1.5490751266479, 	2.0920391082764
1.5034441947937, 	2.142893075943
1.5425698757172, 	2.0526878833771
1.5361440181732, 	2.0674166679382
1.4772424697876, 	1.1741571426392
1.3625178337097, 	2.0357689857483
1.3736636638641, 	1.0042369365692
0.62442445755005, 	0.96023631095886
0.6347713470459, 	0.85765981674194
0.60171341896057, 	0.90761017799377
0.67753267288208, 	0.98612141609192
0.58749842643738, 	0.87748384475708
0.60571360588074, 	0.94606685638428
0.59977245330811, 	0.9099338054657
0.61786723136902, 	0.67226529121399
0.64853715896606, 	0.66965889930725
0.63161683082581, 	0.95302486419678
0.60538411140442, 	0.92878341674805
0.60967111587524, 	0.94400119781494
0.60461688041687, 	0.94613361358643
0.60427784919739, 	0.91697454452515
0.68372917175293, 	1.0080454349518
0.62358689308167, 	0.93030977249146
0.62521553039551, 	0.9282648563385
0.5944676399231, 	0.9003050327301
0.61923933029175, 	0.9597384929657
0.60995006561279, 	0.93626046180725
0.60374784469604, 	0.93192267417908
0.6007924079895, 	0.92344737052917
0.68431067466736, 	1.0084338188171
0.64408302307129, 	0.90505790710449
0.60124611854553, 	0.9053783416748
0.61247944831848, 	0.92471051216125
0.61884808540344, 	0.93102717399597
0.60421133041382, 	0.93606090545654
0.60240030288696, 	0.91569375991821
0.59181118011475, 	0.89767789840698
0.60203242301941, 	0.92478203773499
0.58910632133484, 	0.89666986465454
0.67984557151794, 	1.0076258182526
0.62780952453613, 	0.94024348258972
0.61499547958374, 	0.95251560211182
0.62424278259277, 	0.95003366470337
0.62336206436157, 	0.95403504371643
0.62710952758789, 	0.93986248970032
0.60889363288879, 	0.9345817565918
0.6180272102356, 	0.92176699638367
0.6013822555542, 	0.90218472480774
0.68135261535645, 	1.0075826644897
0.63258194923401, 	0.93674039840698
0.60087060928345, 	0.92475700378418
0.61381673812866, 	0.92057681083679
0.6842315196991, 	1.0077450275421
0.62601280212402, 	0.93179059028625
0.58829855918884, 	0.90319800376892
0.59877395629883, 	0.88124084472656
0.67761373519897, 	1.0057513713837
0.60887145996094, 	0.92065572738647
0.58745574951172, 	0.62130689620972
0.57914233207703, 	0.87433195114136
