0.45239019393921, 	0.71615767478943
0.4481737613678, 	0.67534303665161
0.40548515319824, 	0.48321866989136
0.40996384620667, 	0.63377475738525
0.41528034210205, 	0.6745924949646
0.46477031707764, 	0.63254332542419
0.415198802948, 	0.42030787467957
0.41159677505493, 	0.55564332008362
0.4058575630188, 	0.60274815559387
0.42023301124573, 	0.66697525978088
0.42529797554016, 	0.67445468902588
0.42261934280396, 	0.64950776100159
0.40026330947876, 	0.46593046188354
0.407151222229, 	0.42801594734192
0.4110324382782, 	0.68220186233521
0.42289805412292, 	0.67000722885132
0.41554069519043, 	0.48293042182922
0.40012240409851, 	0.46849060058594
0.41347241401672, 	0.5254373550415
0.41890549659729, 	0.64316725730896
0.42811322212219, 	0.66296601295471
0.41720199584961, 	0.62680912017822
0.41467690467834, 	0.49824023246765
0.40829753875732, 	0.51906704902649
0.40750288963318, 	0.6328227519989
0.42568516731262, 	0.66769075393677
0.41604328155518, 	0.68370771408081
0.41621398925781, 	0.6280665397644
0.42888212203979, 	0.6480278968811
0.41763877868652, 	0.58626747131348
0.41567945480347, 	0.60732626914978
0.41519236564636, 	0.42419934272766
0.41093683242798, 	0.47994565963745
0.41037321090698, 	0.48672461509705
0.40602922439575, 	0.486820936203
0.41595101356506, 	0.67710161209106
0.43222093582153, 	0.63328504562378
0.41280698776245, 	0.41890788078308
0.404705286026, 	0.41672277450562
0.41611409187317, 	0.47039532661438
0.41327333450317, 	0.47199416160583
0.40412020683289, 	0.48238611221313
0.40959548950195, 	0.47372937202454
0.40906548500061, 	0.62101197242737
0.42578816413879, 	0.65369749069214
0.42488241195679, 	0.4797465801239
0.41092371940613, 	0.55744314193726
0.39763402938843, 	0.6312940120697
0.42189621925354, 	0.69361186027527
0.40518116950989, 	0.48961687088013
0.40673327445984, 	0.49614024162292
0.41142416000366, 	0.55751395225525
